
1 | 21
2 | 101
3 | 38
4 | 35
5 | 134
6 | 31
7 | 41
8 | 159
9 | 67
10 | 57
11 | 115
12 | 382
13 | 125
14 | 172
15 | 38
16 | 63
17 | 175
18 | 301
19 | 163
20 | 88
21 | 96
22 | 23
23 | 44
24 | 273
25 | 259
26 | 16
27 | 162
28 | 219
29 | 37
30 | 53
31 | 570
32 | 58
33 | 52
34 | 60
35 | 30
36 | 258
37 | 288
38 | 57
39 | 195
40 | 73
41 | 15
42 | 35
43 | 41
44 | 113
45 | 249
46 | 56
47 | 64
48 | 66
49 | 31
50 | 39
51 | 87
52 | 428
53 | 139
54 | 84
55 | 213
56 | 157
57 | 490
58 | 43
59 | 529
60 | 197
61 | 33
62 | 78
63 | 51
64 | 202
65 | 136
66 | 64
67 | 254
68 | 87
69 | 45
70 | 481
71 | 35
72 | 94
73 | 306
74 | 194
75 | 226
76 | 564
77 | 291
78 | 45
79 | 307
80 | 55
81 | 48
82 | 88
83 | 38
84 | 278
85 | 39
86 | 295
87 | 134
88 | 46
89 | 53
90 | 14
91 | 129
92 | 82
93 | 45
94 | 33
95 | 179
96 | 49
97 | 277
98 | 43
99 | 118
100 | 24
101 | 274
102 | 76
103 | 23
104 | 185
105 | 323
106 | 47
107 | 156
108 | 68
109 | 116
110 | 129
111 | 182
112 | 34
113 | 112
114 | 502
115 | 197
116 | 146
117 | 51
118 | 35
119 | 76
120 | 89
121 | 271
122 | 26
123 | 29
124 | 53
125 | 95
126 | 33
127 | 43
128 | 36
129 | 17
130 | 316
131 | 221
132 | 203
133 | 246
134 | 163
135 | 96
136 | 172
137 | 325
138 | 94
139 | 34
140 | 540
141 | 148
142 | 14
143 | 112
144 | 35
145 | 321
146 | 212
147 | 80
148 | 280
149 | 52
150 | 35
151 | 41
152 | 208
153 | 130
154 | 152
155 | 47
156 | 33
157 | 53
158 | 86
159 | 70
160 | 56
161 | 111
162 | 161
163 | 47
164 | 109
165 | 101
166 | 297
167 | 526
168 | 118
169 | 182
170 | 240
171 | 69
172 | 80
173 | 151
174 | 40
175 | 92
176 | 58
177 | 117
178 | 67
179 | 198
180 | 238
181 | 72
182 | 363
183 | 52
184 | 12
185 | 25
186 | 187
187 | 139
188 | 99
189 | 45
190 | 116
191 | 19
192 | 85
193 | 55
194 | 178
195 | 169
196 | 66
197 | 83
198 | 58
199 | 89
200 | 34
201 | 117
202 | 303
203 | 24
204 | 188
205 | 481
206 | 76
207 | 261
208 | 133
209 | 37
210 | 92
211 | 151
212 | 194
213 | 166
214 | 62
215 | 178
216 | 37
217 | 64
218 | 311
219 | 19
220 | 180
221 | 34
222 | 42
223 | 30
224 | 175
225 | 48
226 | 6
227 | 105
228 | 25
229 | 14
230 | 117
231 | 46
232 | 30
233 | 96
234 | 31
235 | 47
236 | 39
237 | 333
238 | 143
239 | 62
240 | 18
241 | 106
242 | 64
243 | 230
244 | 28
245 | 136
246 | 31
247 | 28
248 | 50
249 | 70
250 | 197
251 | 54
252 | 58
253 | 181
254 | 21
255 | 191
256 | 34
257 | 29
258 | 69
259 | 58
260 | 14
261 | 39
262 | 41
263 | 158
264 | 26
265 | 22
266 | 38
267 | 101
268 | 68
269 | 230
270 | 81
271 | 28
272 | 71
273 | 35
274 | 8
275 | 93
276 | 83
277 | 92
278 | 25
279 | 90
280 | 96
281 | 184
282 | 68
283 | 32
284 | 219
285 | 256
286 | 530
287 | 224
288 | 10
289 | 35
290 | 159
291 | 112
292 | 32
293 | 74
294 | 249
295 | 91
296 | 185
297 | 41
298 | 48
299 | 50
300 | 282
301 | 41
302 | 82
303 | 82
304 | 87
305 | 347
306 | 81
307 | 27
308 | 239
309 | 98
310 | 23
311 | 101
312 | 64
313 | 49
314 | 211
315 | 68
316 | 78
317 | 129
318 | 39
319 | 36
320 | 176
321 | 51
322 | 35
323 | 61
324 | 39
325 | 126
326 | 128
327 | 199
328 | 136
329 | 21
330 | 53
331 | 43
332 | 31
333 | 22
334 | 84
335 | 83
336 | 39
337 | 51
338 | 113
339 | 53
340 | 14
341 | 72
342 | 47
343 | 142
344 | 22
345 | 175
346 | 96
347 | 28
348 | 165
349 | 114
350 | 77
351 | 56
352 | 131
353 | 16
354 | 130
355 | 74
356 | 38
357 | 103
358 | 140
359 | 59
360 | 25
361 | 20
362 | 16
363 | 88
364 | 36
365 | 120
366 | 249
367 | 44
368 | 83
369 | 19
370 | 36
371 | 16
372 | 55
373 | 30
374 | 56
375 | 82
376 | 30
377 | 39
378 | 13
379 | 35
380 | 40
381 | 28
382 | 71
383 | 45
384 | 43
385 | 26
386 | 30
387 | 39
388 | 9
389 | 56
390 | 98
391 | 196
392 | 17
393 | 28
394 | 77
395 | 49
396 | 29
397 | 155
398 | 53
399 | 34
400 | 136
401 | 28
402 | 27
403 | 130
404 | 18
405 | 95
406 | 88
407 | 80
408 | 29
409 | 126
410 | 81
411 | 73
412 | 122
413 | 23
414 | 14
415 | 64
416 | 45
417 | 43
418 | 53
419 | 29
420 | 67
421 | 173
422 | 132
423 | 136
424 | 20
425 | 145
426 | 114
427 | 254
428 | 75
429 | 53
430 | 43
431 | 31
432 | 34
433 | 95
434 | 78
435 | 76
436 | 84
437 | 130
438 | 39
439 | 99
440 | 57
441 | 126
442 | 15
443 | 21
444 | 67
445 | 37
446 | 24
447 | 45
448 | 39
449 | 29
450 | 128
451 | 40
452 | 57
453 | 72
454 | 35
455 | 111
456 | 39
457 | 23
458 | 113
459 | 17
460 | 47
461 | 160
462 | 99
463 | 32
464 | 52
465 | 90
466 | 30
467 | 98
468 | 27
469 | 83
470 | 24
471 | 38
472 | 165
473 | 38
474 | 35
475 | 82
476 | 62
477 | 63
478 | 40
479 | 29
480 | 20
481 | 18
482 | 56
483 | 18
484 | 39
485 | 25
486 | 66
487 | 15
488 | 40
489 | 22
490 | 25
491 | 45
492 | 20
493 | 48
494 | 15
495 | 64
496 | 34
497 | 136
498 | 129
499 | 20
500 | 26
501 | 60
502 | 49
503 | 28
504 | 120
505 | 17
506 | 43
507 | 118
508 | 24
509 | 43
510 | 71
511 | 90
512 | 44
513 | 25
514 | 199
515 | 126
516 | 69
517 | 129
518 | 45
519 | 21
520 | 50
521 | 112
522 | 115
523 | 26
524 | 56
525 | 87
526 | 34
527 | 119
528 | 41
529 | 39
530 | 89
531 | 141
532 | 65
533 | 33
534 | 16
535 | 104
536 | 75
537 | 30
538 | 34
539 | 33
540 | 243
541 | 71
542 | 85
543 | 33
544 | 69
545 | 39
546 | 54
547 | 46
548 | 10
549 | 14
550 | 119
551 | 58
552 | 65
553 | 34
554 | 138
555 | 32
556 | 51
557 | 89
558 | 31
559 | 31
560 | 64
561 | 60
562 | 30
563 | 18
564 | 14
565 | 38
566 | 64
567 | 19
568 | 141
569 | 26
570 | 22
571 | 184
572 | 96
573 | 124
574 | 11
575 | 27
576 | 42
577 | 14
578 | 80
579 | 53
580 | 24
581 | 23
582 | 73
583 | 13
584 | 171
585 | 25
586 | 75
587 | 63
588 | 36
589 | 21
590 | 25
591 | 19
592 | 60
593 | 12
594 | 112
595 | 18
596 | 45
597 | 19
598 | 31
599 | 22
600 | 51
601 | 32
602 | 96
603 | 16
604 | 35
605 | 23
606 | 53
607 | 31
608 | 18
609 | 114
610 | 15
611 | 70
612 | 29
613 | 124
614 | 28
615 | 50
616 | 69
617 | 21
618 | 12
619 | 101
620 | 18
621 | 97
622 | 40
623 | 16
624 | 18
625 | 35
626 | 27
627 | 81
628 | 9
629 | 40
630 | 49
631 | 33
632 | 57
633 | 153
634 | 41
635 | 19
636 | 25
637 | 30
638 | 23
639 | 257
640 | 53
641 | 33
642 | 49
643 | 31
644 | 78
645 | 14
646 | 18
647 | 17
648 | 19
649 | 48
650 | 41
651 | 18
652 | 16
653 | 91
654 | 15
655 | 80
656 | 24
657 | 48
658 | 57
659 | 23
660 | 17
661 | 23
662 | 40
663 | 72
664 | 40
665 | 58
666 | 32
667 | 99
668 | 33
669 | 38
670 | 117
671 | 47
672 | 44
673 | 142
674 | 12
675 | 48
676 | 55
677 | 33
678 | 42
679 | 13
680 | 18
681 | 138
682 | 16
683 | 29
684 | 16
685 | 53
686 | 29
687 | 40
688 | 39
689 | 32
690 | 20
691 | 10
692 | 26
693 | 36
694 | 110
695 | 83
696 | 149
697 | 52
698 | 32
699 | 99
700 | 15
701 | 45
702 | 22
703 | 120
704 | 18
705 | 20
706 | 9
707 | 38
708 | 121
709 | 265
710 | 81
711 | 12
712 | 14
713 | 27
714 | 27
715 | 44
716 | 31
717 | 22
718 | 80
719 | 40
720 | 29
721 | 99
722 | 145
723 | 14
724 | 77
725 | 70
726 | 17
727 | 15
728 | 105
729 | 72
730 | 15
731 | 14
732 | 30
733 | 86
734 | 15
735 | 122
736 | 51
737 | 50
738 | 104
739 | 17
740 | 69
741 | 54
742 | 22
743 | 54
744 | 17
745 | 86
746 | 42
747 | 297
748 | 26
749 | 18
750 | 77
751 | 27
752 | 30
753 | 119
754 | 35
755 | 19
756 | 15
757 | 57
758 | 56
759 | 37
760 | 19
761 | 27
762 | 193
763 | 16
764 | 26
765 | 19
766 | 51
767 | 18
768 | 70
769 | 159
770 | 68
771 | 27
772 | 89
773 | 331
774 | 30
775 | 228
776 | 19
777 | 24
778 | 10
779 | 215
780 | 36
781 | 85
782 | 36
783 | 48
784 | 54
785 | 87
786 | 39
787 | 16
788 | 27
789 | 30
790 | 11
791 | 17
792 | 35
793 | 159
794 | 41
795 | 63
796 | 25
797 | 59
798 | 99
799 | 64
800 | 35
801 | 41
802 | 89
803 | 68
804 | 28
805 | 201
806 | 43
807 | 39
808 | 47
809 | 28
810 | 27
811 | 8
812 | 73
813 | 25
814 | 10
815 | 13
816 | 40
817 | 65
818 | 16
819 | 32
820 | 20
821 | 61
822 | 42
823 | 128
824 | 46
825 | 20
826 | 59
827 | 94
828 | 78
829 | 198
830 | 19
831 | 117
832 | 49
833 | 64
834 | 75
835 | 39
836 | 68
837 | 63
838 | 62
839 | 36
840 | 36
841 | 92
842 | 24
843 | 63
844 | 99
845 | 30
846 | 39
847 | 28
848 | 48
849 | 82
850 | 56
851 | 13
852 | 103
853 | 102
854 | 71
855 | 55
856 | 25
857 | 53
858 | 212
859 | 58
860 | 23
861 | 13
862 | 14
863 | 30
864 | 46
865 | 101
866 | 44
867 | 30
868 | 13
869 | 24
870 | 38
871 | 20
872 | 160
873 | 28
874 | 22
875 | 8
876 | 20
877 | 46
878 | 31
879 | 32
880 | 52
881 | 31
882 | 15
883 | 27
884 | 33
885 | 71
886 | 18
887 | 94
888 | 47
889 | 12
890 | 66
891 | 35
892 | 58
893 | 72
894 | 39
895 | 25
896 | 78
897 | 39
898 | 25
899 | 43
900 | 17
901 | 20
902 | 79
903 | 24
904 | 101
905 | 82
906 | 14
907 | 54
908 | 25
909 | 42
910 | 31
911 | 81
912 | 37
913 | 4
914 | 17
915 | 51
916 | 30
917 | 22
918 | 92
919 | 112
920 | 24
921 | 36
922 | 74
923 | 175
924 | 19
925 | 16
926 | 18
927 | 81
928 | 26
929 | 76
930 | 30
931 | 26
932 | 23
933 | 28
934 | 42
935 | 45
936 | 47
937 | 205
938 | 61
939 | 48
940 | 27
941 | 16
942 | 85
943 | 52
944 | 13
945 | 35
946 | 61
947 | 116
948 | 13
949 | 40
950 | 12
951 | 39
952 | 34
953 | 21
954 | 46
955 | 34
956 | 28
957 | 16
958 | 70
959 | 63
960 | 60
961 | 144
962 | 36
963 | 12
964 | 25
965 | 43
966 | 18
967 | 98
968 | 27
969 | 135
970 | 43
971 | 123
972 | 154
973 | 15
974 | 134
975 | 54
976 | 29
977 | 66
978 | 72
979 | 50
980 | 51
981 | 25
982 | 30
983 | 17
984 | 15
985 | 104
986 | 24
987 | 17
988 | 28
989 | 80
990 | 68
991 | 90
992 | 16
993 | 21
994 | 11
995 | 23
996 | 87
997 | 228
998 | 93
999 | 83
1000 | 90
1001 | 15
1002 | 60
1003 | 27
1004 | 40
1005 | 21
1006 | 119
1007 | 19
1008 | 49
1009 | 19
1010 | 21
1011 | 29
1012 | 15
1013 | 106
1014 | 41
1015 | 118
1016 | 31
1017 | 19
1018 | 44
1019 | 117
1020 | 23
1021 | 32
1022 | 28
1023 | 100
1024 | 94
1025 | 54
1026 | 33
1027 | 80
1028 | 23
1029 | 168
1030 | 171
1031 | 95
1032 | 27
1033 | 23
1034 | 21
1035 | 136
1036 | 103
1037 | 45
1038 | 19
1039 | 26
1040 | 27
1041 | 159
1042 | 76
1043 | 39
1044 | 14
1045 | 37
1046 | 109
1047 | 29
1048 | 62
1049 | 21
1050 | 25
1051 | 37
1052 | 56
1053 | 40
1054 | 105
1055 | 40
1056 | 46
1057 | 22
1058 | 21
1059 | 46
1060 | 29
1061 | 77
1062 | 29
1063 | 32
1064 | 27
1065 | 24
1066 | 28
1067 | 20
1068 | 64
1069 | 112
1070 | 29
1071 | 254
1072 | 62
1073 | 34
1074 | 26
1075 | 44
1076 | 20
1077 | 110
1078 | 65
1079 | 14
1080 | 17
1081 | 58
1082 | 15
1083 | 36
1084 | 74
1085 | 30
1086 | 63
1087 | 55
1088 | 32
1089 | 89
1090 | 16
1091 | 24
1092 | 150
1093 | 135
1094 | 21
1095 | 52
1096 | 35
1097 | 75
1098 | 22
1099 | 24
1100 | 21
1101 | 42
1102 | 34
1103 | 265
1104 | 77
1105 | 60
1106 | 79
1107 | 13
1108 | 219
1109 | 136
1110 | 83
1111 | 132
1112 | 48
1113 | 231
1114 | 116
1115 | 36
1116 | 13
1117 | 49
1118 | 76
1119 | 11
1120 | 36
1121 | 77
1122 | 107
1123 | 114
1124 | 65
1125 | 28
1126 | 75
1127 | 54
1128 | 91
1129 | 47
1130 | 103
1131 | 31
1132 | 85
1133 | 50
1134 | 45
1135 | 119
1136 | 16
1137 | 33
1138 | 145
1139 | 18
1140 | 71
1141 | 14
1142 | 96
1143 | 19
1144 | 93
1145 | 90
1146 | 112
1147 | 71
1148 | 48
1149 | 39
1150 | 34
1151 | 62
1152 | 23
1153 | 17
1154 | 29
1155 | 13
1156 | 109
1157 | 143
1158 | 14
1159 | 49
1160 | 12
1161 | 38
1162 | 15
1163 | 16
1164 | 79
1165 | 31
1166 | 104
1167 | 16
1168 | 16
1169 | 84
1170 | 30
1171 | 56
1172 | 53
1173 | 26
1174 | 69
1175 | 63
1176 | 119
1177 | 108
1178 | 31
1179 | 67
1180 | 60
1181 | 18
1182 | 17
1183 | 68
1184 | 40
1185 | 41
1186 | 108
1187 | 48
1188 | 16
1189 | 95
1190 | 17
1191 | 39
1192 | 34
1193 | 40
1194 | 13
1195 | 79
1196 | 16
1197 | 22
1198 | 19
1199 | 132
1200 | 16
1201 | 39
1202 | 40
1203 | 47
1204 | 24
1205 | 38
1206 | 41
1207 | 89
1208 | 79
1209 | 13
1210 | 22
1211 | 13
1212 | 143
1213 | 65
1214 | 136
1215 | 16
1216 | 35
1217 | 20
1218 | 31
1219 | 16
1220 | 123
1221 | 113
1222 | 8
1223 | 34
1224 | 24
1225 | 47
1226 | 50
1227 | 41
1228 | 39
1229 | 82
1230 | 81
1231 | 78
1232 | 38
1233 | 47
1234 | 62
1235 | 18
1236 | 113
1237 | 8
1238 | 86
1239 | 51
1240 | 121
1241 | 16
1242 | 28
1243 | 121
1244 | 89
1245 | 43
1246 | 61
1247 | 27
1248 | 70
1249 | 75
1250 | 20
1251 | 151
1252 | 18
1253 | 60
1254 | 104
1255 | 37
1256 | 42
1257 | 92
1258 | 49
1259 | 15
1260 | 41
1261 | 16
1262 | 42
1263 | 14
1264 | 52
1265 | 26
1266 | 19
1267 | 13
1268 | 24
1269 | 356
1270 | 13
1271 | 19
1272 | 13
1273 | 14
1274 | 54
1275 | 157
1276 | 34
1277 | 51
1278 | 12
1279 | 136
1280 | 269
1281 | 84
1282 | 63
1283 | 164
1284 | 41
1285 | 34
1286 | 16
1287 | 7
1288 | 42
1289 | 32
1290 | 270
1291 | 14
1292 | 42
1293 | 18
1294 | 64
1295 | 54
1296 | 161
1297 | 50
1298 | 69
1299 | 144
1300 | 61
1301 | 14
1302 | 23
1303 | 110
1304 | 86
1305 | 28
1306 | 68
1307 | 20
1308 | 149
1309 | 70
1310 | 35
1311 | 27
1312 | 16
1313 | 84
1314 | 13
1315 | 104
1316 | 13
1317 | 104
1318 | 21
1319 | 20
1320 | 29
1321 | 34
1322 | 36
1323 | 161
1324 | 42
1325 | 99
1326 | 15
1327 | 66
1328 | 74
1329 | 67
1330 | 11
1331 | 16
1332 | 17
1333 | 17
1334 | 37
1335 | 51
1336 | 52
1337 | 14
1338 | 49
1339 | 22
1340 | 59
1341 | 17
1342 | 64
1343 | 101
1344 | 14
1345 | 18
1346 | 46
1347 | 199
1348 | 132
1349 | 30
1350 | 59
1351 | 41
1352 | 29
1353 | 66
1354 | 35
1355 | 27
1356 | 24
1357 | 76
1358 | 135
1359 | 46
1360 | 50
1361 | 14
1362 | 191
1363 | 17
1364 | 24
1365 | 40
1366 | 88
1367 | 49
1368 | 67
1369 | 39
1370 | 46
1371 | 31
1372 | 65
1373 | 20
1374 | 20
1375 | 33
1376 | 17
1377 | 42
1378 | 174
1379 | 25
1380 | 30
1381 | 6
1382 | 29
1383 | 19
1384 | 32
1385 | 119
1386 | 23
1387 | 22
1388 | 23
1389 | 19
1390 | 72
1391 | 47
1392 | 35
1393 | 51
1394 | 16
1395 | 42
1396 | 75
1397 | 131
1398 | 66
1399 | 167
1400 | 13
1401 | 55
1402 | 11
1403 | 138
1404 | 34
1405 | 173
1406 | 178
1407 | 20
1408 | 138
1409 | 41
1410 | 113
1411 | 133
1412 | 80
1413 | 309
1414 | 54
1415 | 39
1416 | 294
1417 | 19
1418 | 63
1419 | 16
1420 | 19
1421 | 43
1422 | 86
1423 | 30
1424 | 19
1425 | 42
1426 | 69
1427 | 14
1428 | 14
1429 | 204
1430 | 15
1431 | 6
1432 | 20
1433 | 20
1434 | 70
1435 | 11
1436 | 40
1437 | 68
1438 | 64
1439 | 48
1440 | 66
1441 | 24
1442 | 41
1443 | 97
1444 | 19
1445 | 51
1446 | 94
1447 | 25
1448 | 31
1449 | 19
1450 | 47
1451 | 57
1452 | 41
1453 | 51
1454 | 14
1455 | 17
1456 | 95
1457 | 24
1458 | 72
1459 | 47
1460 | 55
1461 | 108
1462 | 57
1463 | 69
1464 | 88
1465 | 18
1466 | 35
1467 | 87
1468 | 17
1469 | 28
1470 | 16
1471 | 60
1472 | 29
1473 | 167
1474 | 48
1475 | 18
1476 | 94
1477 | 15
1478 | 49
1479 | 80
1480 | 20
1481 | 14
1482 | 12
1483 | 32
1484 | 97
1485 | 24
1486 | 96
1487 | 26
1488 | 16
1489 | 24
1490 | 71
1491 | 36
1492 | 112
1493 | 63
1494 | 71
1495 | 20
1496 | 227
1497 | 99
1498 | 39
1499 | 25
1500 | 52
1501 | 26
1502 | 59
1503 | 19
1504 | 54
1505 | 75
1506 | 11
1507 | 91
1508 | 28
1509 | 42
1510 | 68
1511 | 13
1512 | 81
1513 | 145
1514 | 37
1515 | 236
1516 | 96
1517 | 13
1518 | 31
1519 | 107
1520 | 27
1521 | 32
1522 | 38
1523 | 16
1524 | 129
1525 | 30
1526 | 41
1527 | 47
1528 | 39
1529 | 17
1530 | 20
1531 | 32
1532 | 41
1533 | 27
1534 | 54
1535 | 85
1536 | 58
1537 | 87
1538 | 19
1539 | 18
1540 | 32
1541 | 156
1542 | 88
1543 | 199
1544 | 14
1545 | 196
1546 | 113
1547 | 18
1548 | 13
1549 | 21
1550 | 79
1551 | 14
1552 | 83
1553 | 16
1554 | 17
1555 | 58
1556 | 16
1557 | 51
1558 | 148
1559 | 22
1560 | 21
1561 | 77
1562 | 107
1563 | 23
1564 | 16
1565 | 234
1566 | 57
1567 | 153
1568 | 132
1569 | 23
1570 | 49
1571 | 18
1572 | 94
1573 | 18
1574 | 50
1575 | 121
1576 | 14
1577 | 100
1578 | 11
1579 | 107
1580 | 60
1581 | 14
1582 | 31
1583 | 11
1584 | 24
1585 | 41
1586 | 129
1587 | 51
1588 | 53
1589 | 52
1590 | 22
1591 | 90
1592 | 83
1593 | 13
1594 | 11
1595 | 40
1596 | 65
1597 | 18
1598 | 25
1599 | 23
1600 | 73
1601 | 113
1602 | 226
1603 | 15
1604 | 11
1605 | 126
1606 | 196
1607 | 16
1608 | 84
1609 | 68
1610 | 48
1611 | 124
1612 | 14
1613 | 41
1614 | 64
1615 | 36
1616 | 225
1617 | 146
1618 | 69
1619 | 40
1620 | 68
1621 | 123
1622 | 54
1623 | 62
1624 | 51
1625 | 90
1626 | 11
1627 | 23
1628 | 37
1629 | 34
1630 | 69
1631 | 58
1632 | 149
1633 | 38
1634 | 18
1635 | 18
1636 | 41
1637 | 13
1638 | 14
1639 | 16
1640 | 48
1641 | 32
1642 | 13
1643 | 182
1644 | 103
1645 | 72
1646 | 201
1647 | 71
1648 | 68
1649 | 34
1650 | 52
1651 | 40
1652 | 193
1653 | 11
1654 | 88
1655 | 123
1656 | 13
1657 | 23
1658 | 34
1659 | 32
1660 | 15
1661 | 32
1662 | 61
1663 | 102
1664 | 84
1665 | 14
1666 | 194
1667 | 10
1668 | 21
1669 | 141
1670 | 55
1671 | 81
1672 | 102
1673 | 43
1674 | 44
1675 | 113
1676 | 62
1677 | 26
1678 | 19
1679 | 39
1680 | 66
1681 | 16
1682 | 44
1683 | 282
1684 | 35
1685 | 65
1686 | 112
1687 | 81
1688 | 14
1689 | 11
1690 | 23
1691 | 25
1692 | 12
1693 | 212
1694 | 33
1695 | 10
1696 | 88
1697 | 45
1698 | 18
1699 | 41
1700 | 43
1701 | 35
1702 | 26
1703 | 17
1704 | 35
1705 | 57
1706 | 14
1707 | 35
1708 | 62
1709 | 81
1710 | 13
1711 | 76
1712 | 48
1713 | 52
1714 | 28
1715 | 30
1716 | 34
1717 | 71
1718 | 36
1719 | 70
1720 | 83
1721 | 17
1722 | 113
1723 | 129
1724 | 80
1725 | 66
1726 | 55
1727 | 19
1728 | 50
1729 | 18
1730 | 46
1731 | 12
1732 | 111
1733 | 24
1734 | 72
1735 | 74
1736 | 40
1737 | 82
1738 | 19
1739 | 19
1740 | 17
1741 | 59
1742 | 51
1743 | 31
1744 | 31
1745 | 15
1746 | 16
1747 | 19
1748 | 46
1749 | 35
1750 | 67
1751 | 21
1752 | 27
1753 | 113
1754 | 101
1755 | 22
1756 | 50
1757 | 20
1758 | 34
1759 | 19
1760 | 14
1761 | 25
1762 | 45
1763 | 20
1764 | 43
1765 | 98
1766 | 26
1767 | 61
1768 | 135
1769 | 41
1770 | 32
1771 | 31
1772 | 12
1773 | 40
1774 | 17
1775 | 51
1776 | 26
1777 | 77
1778 | 14
1779 | 99
1780 | 22
1781 | 27
1782 | 94
1783 | 65
1784 | 44
1785 | 19
1786 | 91
1787 | 15
1788 | 65
1789 | 11
1790 | 19
1791 | 196
1792 | 178
1793 | 17
1794 | 16
1795 | 26
1796 | 130
1797 | 142
1798 | 13
1799 | 37
1800 | 38
1801 | 134
1802 | 82
1803 | 140
1804 | 17
1805 | 33
1806 | 14
1807 | 100
1808 | 67
1809 | 14
1810 | 77
1811 | 129
1812 | 37
1813 | 29
1814 | 61
1815 | 10
1816 | 137
1817 | 59
1818 | 21
1819 | 28
1820 | 78
1821 | 15
1822 | 54
1823 | 100
1824 | 22
1825 | 14
1826 | 40
1827 | 20
1828 | 89
1829 | 94
1830 | 38
1831 | 29
1832 | 11
1833 | 53
1834 | 80
1835 | 26
1836 | 22
1837 | 35
1838 | 13
1839 | 19
1840 | 47
1841 | 19
1842 | 39
1843 | 89
1844 | 33
1845 | 87
1846 | 20
1847 | 46
1848 | 11
1849 | 45
1850 | 98
1851 | 28
1852 | 86
1853 | 95
1854 | 41
1855 | 47
1856 | 13
1857 | 41
1858 | 42
1859 | 76
1860 | 52
1861 | 39
1862 | 58
1863 | 21
1864 | 97
1865 | 24
1866 | 36
1867 | 60
1868 | 33
1869 | 88
1870 | 173
1871 | 13
1872 | 83
1873 | 14
1874 | 12
1875 | 30
1876 | 146
1877 | 35
1878 | 19
1879 | 40
1880 | 8
1881 | 162
1882 | 54
1883 | 23
1884 | 77
1885 | 67
1886 | 79
1887 | 14
1888 | 22
1889 | 35
1890 | 57
1891 | 42
1892 | 61
1893 | 40
1894 | 14
1895 | 13
1896 | 37
1897 | 17
1898 | 107
1899 | 63
1900 | 59
1901 | 12
1902 | 34
1903 | 12
1904 | 21
1905 | 33
1906 | 13
1907 | 37
1908 | 19
1909 | 60
1910 | 21
1911 | 30
1912 | 116
1913 | 37
1914 | 46
1915 | 66
1916 | 24
1917 | 27
1918 | 41
1919 | 118
1920 | 60
1921 | 14
1922 | 20
1923 | 18
1924 | 58
1925 | 28
1926 | 63
1927 | 110
1928 | 27
1929 | 16
1930 | 42
1931 | 73
1932 | 27
1933 | 45
1934 | 33
1935 | 17
1936 | 27
1937 | 14
1938 | 20
1939 | 67
1940 | 55
1941 | 25
1942 | 48
1943 | 52
1944 | 89
1945 | 74
1946 | 22
1947 | 143
1948 | 36
1949 | 83
1950 | 34
1951 | 25
1952 | 40
1953 | 61
1954 | 17
1955 | 22
1956 | 54
1957 | 33
1958 | 91
1959 | 102
1960 | 13
1961 | 11
1962 | 39
1963 | 85
1964 | 24
1965 | 13
1966 | 221
1967 | 36
1968 | 261
1969 | 31
1970 | 16
1971 | 12
1972 | 34
1973 | 36
1974 | 19
1975 | 54
1976 | 131
1977 | 49
1978 | 88
1979 | 27
1980 | 30
1981 | 93
1982 | 26
1983 | 47
1984 | 121
1985 | 47
1986 | 43
1987 | 17
1988 | 13
1989 | 39
1990 | 76
1991 | 44
1992 | 39
1993 | 18
1994 | 31
1995 | 67
1996 | 75
1997 | 45
1998 | 85
1999 | 65
2000 | 246
2001 | 68
2002 | 126
2003 | 27
2004 | 47
2005 | 15
2006 | 96
2007 | 24
2008 | 11
2009 | 14
2010 | 13
2011 | 31
2012 | 60
2013 | 76
2014 | 111
2015 | 16
2016 | 32
2017 | 26
2018 | 43
2019 | 54
2020 | 59
2021 | 16
2022 | 49
2023 | 188
2024 | 17
2025 | 62
2026 | 65
2027 | 38
2028 | 26
2029 | 58
2030 | 14
2031 | 55
2032 | 29
2033 | 65
2034 | 20
2035 | 100
2036 | 51
2037 | 25
2038 | 32
2039 | 201
2040 | 30
2041 | 24
2042 | 34
2043 | 120
2044 | 28
2045 | 24
2046 | 16
2047 | 22
2048 | 12
2049 | 93
2050 | 24
2051 | 34
2052 | 19
2053 | 82
2054 | 171
2055 | 17
2056 | 16
2057 | 21
2058 | 52
2059 | 199
2060 | 35
2061 | 14
2062 | 81
2063 | 11
2064 | 14
2065 | 33
2066 | 22
2067 | 17
2068 | 27
2069 | 34
2070 | 76
2071 | 40
2072 | 90
2073 | 20
2074 | 23
2075 | 77
2076 | 15
2077 | 11
2078 | 42
2079 | 37
2080 | 15
2081 | 27
2082 | 79
2083 | 14
2084 | 47
2085 | 49
2086 | 23
2087 | 44
2088 | 177
2089 | 15
2090 | 168
2091 | 24
2092 | 38
2093 | 37
2094 | 56
2095 | 60
2096 | 6
2097 | 24
2098 | 39
2099 | 13
2100 | 13
2101 | 18
2102 | 33
2103 | 98
2104 | 32
2105 | 221
2106 | 72
2107 | 27
2108 | 22
2109 | 12
2110 | 43
2111 | 109
2112 | 11
2113 | 99
2114 | 194
2115 | 36
2116 | 87
2117 | 42
2118 | 54
2119 | 41
2120 | 123
2121 | 47
2122 | 18
2123 | 18
2124 | 32
2125 | 23
2126 | 21
2127 | 35
2128 | 14
2129 | 50
2130 | 65
2131 | 22
2132 | 26
2133 | 9
2134 | 31
2135 | 54
2136 | 30
2137 | 41
2138 | 46
2139 | 40
2140 | 39
2141 | 59
2142 | 30
2143 | 82
2144 | 40
2145 | 18
2146 | 29
2147 | 19
2148 | 23
2149 | 84
2150 | 32
2151 | 20
2152 | 17
2153 | 14
2154 | 20
2155 | 66
2156 | 17
2157 | 63
2158 | 30
2159 | 18
2160 | 53
2161 | 142
2162 | 57
2163 | 27
2164 | 32
2165 | 36
2166 | 30
2167 | 30
2168 | 32
2169 | 41
2170 | 12
2171 | 145
2172 | 14
2173 | 24
2174 | 154
2175 | 25
2176 | 127
2177 | 143
2178 | 17
2179 | 32
2180 | 10
2181 | 18
2182 | 13
2183 | 115
2184 | 14
2185 | 25
2186 | 17
2187 | 25
2188 | 59
2189 | 29
2190 | 80
2191 | 57
2192 | 42
2193 | 110
2194 | 41
2195 | 32
2196 | 33
2197 | 22
2198 | 29
2199 | 46
2200 | 14
2201 | 48
2202 | 45
2203 | 51
2204 | 32
2205 | 19
2206 | 58
2207 | 31
2208 | 79
2209 | 94
2210 | 42
2211 | 13
2212 | 17
2213 | 14
2214 | 24
2215 | 66
2216 | 18
2217 | 16
2218 | 22
2219 | 70
2220 | 80
2221 | 42
2222 | 12
2223 | 31
2224 | 83
2225 | 91
2226 | 12
2227 | 205
2228 | 13
2229 | 14
2230 | 44
2231 | 103
2232 | 44
2233 | 17
2234 | 10
2235 | 18
2236 | 47
2237 | 88
2238 | 42
2239 | 79
2240 | 69
2241 | 22
2242 | 39
2243 | 16
2244 | 59
2245 | 50
2246 | 39
2247 | 46
2248 | 38
2249 | 15
2250 | 26
2251 | 28
2252 | 38
2253 | 50
2254 | 140
2255 | 208
2256 | 27
2257 | 164
2258 | 43
2259 | 13
2260 | 13
2261 | 113
2262 | 57
2263 | 86
2264 | 34
2265 | 150
2266 | 32
2267 | 21
2268 | 139
2269 | 29
2270 | 148
2271 | 27
2272 | 54
2273 | 26
2274 | 101
2275 | 16
2276 | 14
2277 | 23
2278 | 182
2279 | 36
2280 | 131
2281 | 47
2282 | 96
2283 | 35
2284 | 18
2285 | 76
2286 | 46
2287 | 35
2288 | 88
2289 | 77
2290 | 171
2291 | 55
2292 | 25
2293 | 60
2294 | 36
2295 | 15
2296 | 64
2297 | 42
2298 | 63
2299 | 24
2300 | 15
2301 | 30
2302 | 79
2303 | 36
2304 | 21
2305 | 29
2306 | 22
2307 | 29
2308 | 90
2309 | 16
2310 | 25
2311 | 53
2312 | 31
2313 | 69
2314 | 191
2315 | 46
2316 | 49
2317 | 7
2318 | 30
2319 | 29
2320 | 16
2321 | 29
2322 | 15
2323 | 119
2324 | 23
2325 | 79
2326 | 62
2327 | 51
2328 | 31
2329 | 25
2330 | 22
2331 | 26
2332 | 36
2333 | 30
2334 | 102
2335 | 13
2336 | 191
2337 | 103
2338 | 62
2339 | 57
2340 | 17
2341 | 46
2342 | 29
2343 | 26
2344 | 30
2345 | 26
2346 | 40
2347 | 113
2348 | 12
2349 | 69
2350 | 104
2351 | 46
2352 | 19
2353 | 21
2354 | 25
2355 | 157
2356 | 33
2357 | 44
2358 | 15
2359 | 62
2360 | 72
2361 | 141
2362 | 56
2363 | 249
2364 | 38
2365 | 214
2366 | 20
2367 | 28
2368 | 12
2369 | 14
2370 | 37
2371 | 231
2372 | 73
2373 | 37
2374 | 141
2375 | 58
2376 | 15
2377 | 40
2378 | 31
2379 | 35
2380 | 50
2381 | 18
2382 | 35
2383 | 40
2384 | 47
2385 | 15
2386 | 24
2387 | 19
2388 | 43
2389 | 8
2390 | 50
2391 | 28
2392 | 34
2393 | 25
2394 | 58
2395 | 26
2396 | 14
2397 | 26
2398 | 29
2399 | 73
2400 | 18
2401 | 107
2402 | 45
2403 | 71
2404 | 57
2405 | 57
2406 | 41
2407 | 32
2408 | 37
2409 | 208
2410 | 112
2411 | 17
2412 | 57
2413 | 20
2414 | 21
2415 | 14
2416 | 23
2417 | 55
2418 | 111
2419 | 29
2420 | 39
2421 | 74
2422 | 18
2423 | 92
2424 | 18
2425 | 16
2426 | 26
2427 | 50
2428 | 26
2429 | 56
2430 | 40
2431 | 52
2432 | 68
2433 | 76
2434 | 40
2435 | 15
2436 | 49
2437 | 39
2438 | 24
2439 | 12
2440 | 34
2441 | 55
2442 | 200
2443 | 58
2444 | 52
2445 | 30
2446 | 13
2447 | 176
2448 | 46
2449 | 26
2450 | 32
2451 | 89
2452 | 32
2453 | 142
2454 | 16
2455 | 22
2456 | 125
2457 | 54
2458 | 18
2459 | 96
2460 | 53
2461 | 17
2462 | 17
2463 | 13
2464 | 17
2465 | 55
2466 | 105
2467 | 11
2468 | 17
2469 | 33
2470 | 20
2471 | 36
2472 | 21
2473 | 72
2474 | 119
2475 | 15
2476 | 52
2477 | 68
2478 | 32
2479 | 29
2480 | 21
2481 | 29
2482 | 18
2483 | 70
2484 | 19
2485 | 40
2486 | 51
2487 | 45
2488 | 14
2489 | 50
2490 | 28
2491 | 14
2492 | 16
2493 | 17
2494 | 32
2495 | 27
2496 | 170
2497 | 99
2498 | 34
2499 | 13
2500 | 192
2501 | 14
2502 | 79
2503 | 74
2504 | 86
2505 | 8
2506 | 14
2507 | 22
2508 | 51
2509 | 20
2510 | 12
2511 | 59
2512 | 247
2513 | 72
2514 | 87
2515 | 35
2516 | 15
2517 | 102
2518 | 105
2519 | 100
2520 | 39
2521 | 33
2522 | 102
2523 | 19
2524 | 40
2525 | 33
2526 | 45
2527 | 26
2528 | 17
2529 | 75
2530 | 23
2531 | 52
2532 | 18
2533 | 153
2534 | 71
2535 | 31
2536 | 31
2537 | 66
2538 | 59
2539 | 40
2540 | 18
2541 | 23
2542 | 14
2543 | 70
2544 | 21
2545 | 34
2546 | 63
2547 | 17
2548 | 97
2549 | 49
2550 | 50
2551 | 23
2552 | 11
2553 | 22
2554 | 25
2555 | 48
2556 | 13
2557 | 62
2558 | 26
2559 | 20
2560 | 44
2561 | 50
2562 | 85
2563 | 35
2564 | 15
2565 | 15
2566 | 54
2567 | 57
2568 | 53
2569 | 41
2570 | 27
2571 | 64
2572 | 76
2573 | 25
2574 | 97
2575 | 64
2576 | 329
2577 | 15
2578 | 22
2579 | 57
2580 | 14
2581 | 29
2582 | 51
2583 | 21
2584 | 39
2585 | 24
2586 | 52
2587 | 58
2588 | 15
2589 | 51
2590 | 31
2591 | 133
2592 | 35
2593 | 26
2594 | 13
2595 | 251
2596 | 43
2597 | 85
2598 | 39
2599 | 48
2600 | 25
2601 | 21
2602 | 92
2603 | 13
2604 | 131
2605 | 27
2606 | 169
2607 | 68
2608 | 58
2609 | 13
2610 | 61
2611 | 13
2612 | 50
2613 | 25
2614 | 13
2615 | 71
2616 | 44
2617 | 118
2618 | 63
2619 | 16
2620 | 142
2621 | 15
2622 | 32
2623 | 24
2624 | 87
2625 | 53
2626 | 127
2627 | 18
2628 | 64
2629 | 13
2630 | 45
2631 | 37
2632 | 116
2633 | 40
2634 | 34
2635 | 23
2636 | 16
2637 | 92
2638 | 50
2639 | 62
2640 | 16
2641 | 28
2642 | 63
2643 | 19
2644 | 13
2645 | 12
2646 | 50
2647 | 42
2648 | 16
2649 | 56
2650 | 19
2651 | 58
2652 | 4
2653 | 20
2654 | 73
2655 | 17
2656 | 8
2657 | 25
2658 | 12
2659 | 16
2660 | 48
2661 | 33
2662 | 158
2663 | 14
2664 | 18
2665 | 17
2666 | 68
2667 | 136
2668 | 31
2669 | 17
2670 | 102
2671 | 23
2672 | 20
2673 | 15
2674 | 18
2675 | 17
2676 | 29
2677 | 12
2678 | 13
2679 | 51
2680 | 12
2681 | 52
2682 | 62
2683 | 98
2684 | 52
2685 | 28
2686 | 76
2687 | 64
2688 | 70
2689 | 58
2690 | 51
2691 | 55
2692 | 41
2693 | 14
2694 | 41
2695 | 83
2696 | 84
2697 | 48
2698 | 49
2699 | 16
2700 | 66
2701 | 29
2702 | 45
2703 | 56
2704 | 51
2705 | 28
2706 | 62
2707 | 15
2708 | 54
2709 | 14
2710 | 18
2711 | 23
2712 | 14
2713 | 32
2714 | 19
2715 | 14
2716 | 37
2717 | 36
2718 | 64
2719 | 49
2720 | 121
2721 | 76
2722 | 68
2723 | 50
2724 | 13
2725 | 31
2726 | 60
2727 | 126
2728 | 14
2729 | 42
2730 | 14
2731 | 14
2732 | 27
2733 | 43
2734 | 22
2735 | 13
2736 | 39
2737 | 22
2738 | 20
2739 | 17
2740 | 132
2741 | 19
2742 | 44
2743 | 42
2744 | 23
2745 | 11
2746 | 26
2747 | 27
2748 | 40
2749 | 23
2750 | 22
2751 | 46
2752 | 165
2753 | 42
2754 | 15
2755 | 16
2756 | 60
2757 | 34
2758 | 44
2759 | 20
2760 | 54
2761 | 113
2762 | 90
2763 | 13
2764 | 12
2765 | 25
2766 | 43
2767 | 75
2768 | 110
2769 | 64
2770 | 26
2771 | 19
2772 | 16
2773 | 29
2774 | 48
2775 | 17
2776 | 39
2777 | 31
2778 | 14
2779 | 66
2780 | 41
2781 | 45
2782 | 78
2783 | 57
2784 | 10
2785 | 33
2786 | 76
2787 | 18
2788 | 20
2789 | 20
2790 | 54
2791 | 44
2792 | 76
2793 | 72
2794 | 34
2795 | 38
2796 | 31
2797 | 59
2798 | 38
2799 | 78
2800 | 54
2801 | 62
2802 | 94
2803 | 156
2804 | 68
2805 | 66
2806 | 108
2807 | 86
2808 | 16
2809 | 13
2810 | 37
2811 | 141
2812 | 21
2813 | 60
2814 | 44
2815 | 22
2816 | 76
2817 | 25
2818 | 23
2819 | 26
2820 | 35
2821 | 54
2822 | 107
2823 | 88
2824 | 35
2825 | 44
2826 | 44
2827 | 70
2828 | 39
2829 | 34
2830 | 11
2831 | 23
2832 | 30
2833 | 20
2834 | 44
2835 | 128
2836 | 24
2837 | 178
2838 | 20
2839 | 154
2840 | 40
2841 | 34
2842 | 16
2843 | 57
2844 | 34
2845 | 37
2846 | 25
2847 | 17
2848 | 14
2849 | 17
2850 | 15
2851 | 62
2852 | 22
2853 | 39
2854 | 15
2855 | 27
2856 | 26
2857 | 38
2858 | 85
2859 | 27
2860 | 27
2861 | 78
2862 | 26
2863 | 65
2864 | 17
2865 | 78
2866 | 153
2867 | 60
2868 | 67
2869 | 59
2870 | 94
2871 | 73
2872 | 84
2873 | 48
2874 | 33
2875 | 15
2876 | 60
2877 | 46
2878 | 121
2879 | 48
2880 | 24
2881 | 44
2882 | 65
2883 | 15
2884 | 40
2885 | 15
2886 | 19
2887 | 16
2888 | 24
2889 | 63
2890 | 20
2891 | 28
2892 | 6
2893 | 38
2894 | 34
2895 | 76
2896 | 32
2897 | 36
2898 | 21
2899 | 91
2900 | 65
2901 | 65
2902 | 23
2903 | 16
2904 | 105
2905 | 31
2906 | 57
2907 | 62
2908 | 28
2909 | 91
2910 | 14
2911 | 43
2912 | 51
2913 | 37
2914 | 117
2915 | 80
2916 | 37
2917 | 9
2918 | 22
2919 | 70
2920 | 79
2921 | 14
2922 | 25
2923 | 14
2924 | 13
2925 | 71
2926 | 22
2927 | 45
2928 | 16
2929 | 38
2930 | 115
2931 | 11
2932 | 81
2933 | 22
2934 | 90
2935 | 38
2936 | 37
2937 | 23
2938 | 73
2939 | 31
2940 | 18
2941 | 39
2942 | 22
2943 | 34
2944 | 13
2945 | 19
2946 | 64
2947 | 61
2948 | 77
2949 | 72
2950 | 54
2951 | 27
2952 | 20
2953 | 115
2954 | 13
2955 | 11
2956 | 17
2957 | 132
2958 | 20
2959 | 66
2960 | 37
2961 | 24
2962 | 53
2963 | 35
2964 | 12
2965 | 16
2966 | 24
2967 | 8
2968 | 89
2969 | 22
2970 | 48
2971 | 41
2972 | 85
2973 | 77
2974 | 15
2975 | 32
2976 | 30
2977 | 37
2978 | 19
2979 | 39
2980 | 31
2981 | 12
2982 | 22
2983 | 31
2984 | 88
2985 | 59
2986 | 84
2987 | 28
2988 | 10
2989 | 14
2990 | 39
2991 | 81
2992 | 53
2993 | 23
2994 | 105
2995 | 17
2996 | 36
2997 | 17
2998 | 72
2999 | 42
3000 | 148
3001 | 42
3002 | 30
3003 | 51
3004 | 53
3005 | 44
3006 | 87
3007 | 41
3008 | 35
3009 | 14
3010 | 14
3011 | 28
3012 | 90
3013 | 232
3014 | 13
3015 | 114
3016 | 19
3017 | 84
3018 | 95
3019 | 14
3020 | 24
3021 | 47
3022 | 25
3023 | 84
3024 | 176
3025 | 23
3026 | 30
3027 | 33
3028 | 38
3029 | 15
3030 | 47
3031 | 27
3032 | 49
3033 | 35
3034 | 10
3035 | 40
3036 | 42
3037 | 58
3038 | 9
3039 | 18
3040 | 23
3041 | 15
3042 | 34
3043 | 15
3044 | 36
3045 | 14
3046 | 36
3047 | 33
3048 | 28
3049 | 17
3050 | 20
3051 | 92
3052 | 115
3053 | 26
3054 | 28
3055 | 80
3056 | 155
3057 | 24
3058 | 23
3059 | 18
3060 | 78
3061 | 12
3062 | 61
3063 | 30
3064 | 20
3065 | 58
3066 | 58
3067 | 124
3068 | 17
3069 | 22
3070 | 7
3071 | 16
3072 | 18
3073 | 21
3074 | 65
3075 | 30
3076 | 26
3077 | 43
3078 | 37
3079 | 40
3080 | 21
3081 | 20
3082 | 125
3083 | 36
3084 | 83
3085 | 63
3086 | 61
3087 | 145
3088 | 34
3089 | 22
3090 | 88
3091 | 70
3092 | 54
3093 | 52
3094 | 159
3095 | 40
3096 | 13
3097 | 95
3098 | 36
3099 | 48
3100 | 98
3101 | 18
3102 | 34
3103 | 15
3104 | 101
3105 | 82
3106 | 14
3107 | 12
3108 | 38
3109 | 87
3110 | 18
3111 | 15
3112 | 71
3113 | 76
3114 | 110
3115 | 36
3116 | 43
3117 | 26
3118 | 15
3119 | 13
3120 | 20
3121 | 72
3122 | 36
3123 | 12
3124 | 89
3125 | 32
3126 | 27
3127 | 71
3128 | 173
3129 | 14
3130 | 57
3131 | 21
3132 | 26
3133 | 18
3134 | 11
3135 | 57
3136 | 10
3137 | 26
3138 | 20
3139 | 52
3140 | 119
3141 | 127
3142 | 52
3143 | 21
3144 | 90
3145 | 14
3146 | 19
3147 | 11
3148 | 61
3149 | 31
3150 | 14
3151 | 16
3152 | 20
3153 | 106
3154 | 130
3155 | 56
3156 | 69
3157 | 13
3158 | 60
3159 | 13
3160 | 15
3161 | 36
3162 | 47
3163 | 16
3164 | 52
3165 | 23
3166 | 178
3167 | 26
3168 | 35
3169 | 21
3170 | 22
3171 | 19
3172 | 27
3173 | 16
3174 | 68
3175 | 79
3176 | 32
3177 | 87
3178 | 23
3179 | 21
3180 | 14
3181 | 13
3182 | 60
3183 | 30
3184 | 13
3185 | 26
3186 | 42
3187 | 66
3188 | 15
3189 | 57
3190 | 8
3191 | 16
3192 | 14
3193 | 22
3194 | 21
3195 | 36
3196 | 71
3197 | 67
3198 | 13
3199 | 18
3200 | 228
3201 | 23
3202 | 82
3203 | 78
3204 | 99
3205 | 62
3206 | 111
3207 | 46
3208 | 19
3209 | 13
3210 | 44
3211 | 27
3212 | 86
3213 | 21
3214 | 10
3215 | 53
3216 | 71
3217 | 36
3218 | 142
3219 | 13
3220 | 47
3221 | 20
3222 | 29
3223 | 29
3224 | 13
3225 | 52
3226 | 10
3227 | 11
3228 | 14
3229 | 15
3230 | 48
3231 | 77
3232 | 12
3233 | 43
3234 | 98
3235 | 7
3236 | 17
3237 | 12
3238 | 69
3239 | 156
3240 | 91
3241 | 57
3242 | 51
3243 | 36
3244 | 22
3245 | 34
3246 | 133
3247 | 62
3248 | 10
3249 | 65
3250 | 54
3251 | 28
3252 | 19
3253 | 73
3254 | 21
3255 | 134
3256 | 39
3257 | 26
3258 | 29
3259 | 15
3260 | 14
3261 | 186
3262 | 43
3263 | 23
3264 | 71
3265 | 11
3266 | 81
3267 | 19
3268 | 16
3269 | 34
3270 | 31
3271 | 28
3272 | 30
3273 | 64
3274 | 31
3275 | 16
3276 | 13
3277 | 34
3278 | 11
3279 | 20
3280 | 47
3281 | 22
3282 | 13
3283 | 23
3284 | 35
3285 | 30
3286 | 26
3287 | 17
3288 | 152
3289 | 14
3290 | 25
3291 | 59
3292 | 33
3293 | 21
3294 | 35
3295 | 35
3296 | 49
3297 | 50
3298 | 82
3299 | 39
3300 | 20
3301 | 60
3302 | 45
3303 | 111
3304 | 18
3305 | 119
3306 | 96
3307 | 42
3308 | 101
3309 | 29
3310 | 53
3311 | 33
3312 | 30
3313 | 112
3314 | 17
3315 | 111
3316 | 172
3317 | 21
3318 | 81
3319 | 21
3320 | 18
3321 | 30
3322 | 22
3323 | 21
3324 | 15
3325 | 31
3326 | 36
3327 | 47
3328 | 27
3329 | 49
3330 | 99
3331 | 19
3332 | 17
3333 | 20
3334 | 25
3335 | 14
3336 | 43
3337 | 15
3338 | 19
3339 | 36
3340 | 26
3341 | 18
3342 | 81
3343 | 20
3344 | 37
3345 | 75
3346 | 15
3347 | 67
3348 | 26
3349 | 24
3350 | 125
3351 | 16
3352 | 30
3353 | 103
3354 | 76
3355 | 25
3356 | 12
3357 | 12
3358 | 81
3359 | 73
3360 | 18
3361 | 25
3362 | 127
3363 | 105
3364 | 67
3365 | 8
3366 | 45
3367 | 62
3368 | 43
3369 | 51
3370 | 42
3371 | 9
3372 | 36
3373 | 25
3374 | 18
3375 | 53
3376 | 34
3377 | 26
3378 | 91
3379 | 67
3380 | 44
3381 | 93
3382 | 37
3383 | 50
3384 | 35
3385 | 10
3386 | 22
3387 | 37
3388 | 41
3389 | 82
3390 | 12
3391 | 86
3392 | 18
3393 | 46
3394 | 41
3395 | 129
3396 | 21
3397 | 47
3398 | 19
3399 | 124
3400 | 34
3401 | 16
3402 | 40
3403 | 24
3404 | 55
3405 | 66
3406 | 27
3407 | 92
3408 | 17
3409 | 16
3410 | 13
3411 | 64
3412 | 14
3413 | 49
3414 | 44
3415 | 1000
3416 | 1000
3417 | 1000
3418 | 1000
3419 | 1000
3420 | 1000
3421 | 1000
3422 | 1000
3423 | 1000
3424 | 1000
3425 | 1000
3426 | 1000
3427 | 1000
3428 | 1000
3429 | 1000
3430 | 1000
3431 | 1000
3432 | 1000
3433 | 1000
3434 | 1000
3435 | 1000
3436 | 1000
3437 | 1000
3438 | 1000
3439 | 1000
3440 | 1000
3441 | 1000
3442 | 1000
3443 | 1000
3444 | 1000
3445 | 1000
3446 | 1000
3447 | 1000
3448 | 1000
3449 | 1000
3450 | 1000
3451 | 1000
3452 | 1000
3453 | 1000
3454 | 1000
3455 | 1000
3456 | 1000
3457 | 1000
3458 | 1000
3459 | 1000
3460 | 1000
3461 | 1000
3462 | 1000
3463 | 1000
3464 | 1000
3465 | 1000
3466 | 1000
3467 | 1000
3468 | 1000
3469 | 1000
3470 | 1000
3471 | 1000
3472 | 1000
3473 | 1000
3474 | 1000
3475 | 1000
3476 | 1000
3477 | 1000
3478 | 1000
3479 | 1000
3480 | 1000
3481 | 1000
3482 | 1000
3483 | 1000
3484 | 1000
3485 | 1000
3486 | 1000
3487 | 1000
3488 | 1000
3489 | 1000
3490 | 1000
3491 | 1000
3492 | 1000
3493 | 1000
3494 | 1000
3495 | 1000
3496 | 1000
3497 | 1000
3498 | 1000
3499 | 1000
3500 | 1000
3501 | 1000
3502 | 1000
3503 | 1000
3504 | 1000
3505 | 1000
3506 | 1000
3507 | 1000
3508 | 1000
3509 | 1000
3510 | 1000
3511 | 1000
3512 | 1000
3513 | 1000
3514 | 1000
3515 | 1000
3516 | 1000
3517 | 1000
3518 | 1000
3519 | 1000
3520 | 1000
3521 | 1000
3522 | 1000
3523 | 1000
3524 | 1000
3525 | 1000
3526 | 1000
3527 | 1000
3528 | 1000
3529 | 1000
3530 | 1000
3531 | 1000
3532 | 1000
3533 | 1000
3534 | 1000
3535 | 1000
3536 | 1000
3537 | 1000
3538 | 1000
3539 | 1000
3540 | 1000
3541 | 1000
3542 | 1000
3543 | 1000
3544 | 1000
3545 | 1000
3546 | 1000
3547 | 1000
3548 | 1000
3549 | 1000
3550 | 1000
3551 | 1000
3552 | 1000
3553 | 1000
3554 | 1000
3555 | 1000
3556 | 1000
3557 | 1000
3558 | 1000
3559 | 1000
3560 | 1000
3561 | 1000
3562 | 1000
3563 | 1000
3564 | 1000
3565 | 1000
3566 | 1000
3567 | 1000
3568 | 1000
3569 | 1000
3570 | 1000
3571 | 1000
3572 | 1000
3573 | 1000
3574 | 1000
3575 | 1000
3576 | 1000
3577 | 1000
3578 | 1000
3579 | 1000
3580 | 1000
3581 | 1000
3582 | 1000
3583 | 1000
3584 | 1000
3585 | 1000
3586 | 1000
3587 | 1000
3588 | 1000
3589 | 1000
3590 | 1000
3591 | 1000
3592 | 1000
3593 | 1000
3594 | 1000
3595 | 1000
3596 | 1000
3597 | 1000
3598 | 1000
3599 | 1000
3600 | 1000
3601 | 1000
3602 | 1000
3603 | 1000
3604 | 1000
3605 | 1000
3606 | 1000
3607 | 1000
3608 | 1000
3609 | 1000
3610 | 1000
3611 | 1000
3612 | 1000
3613 | 1000
3614 | 1000
3615 | 1000
3616 | 1000
3617 | 1000
3618 | 1000
3619 | 1000
3620 | 1000
3621 | 1000
3622 | 1000
3623 | 1000
3624 | 1000
3625 | 1000
3626 | 1000
3627 | 1000
3628 | 1000
3629 | 1000
3630 | 1000
3631 | 1000
3632 | 1000
3633 | 1000
3634 | 1000
3635 | 1000
3636 | 1000
3637 | 1000
3638 | 1000
3639 | 1000
3640 | 1000
3641 | 1000
3642 | 1000
3643 | 1000
3644 | 1000
3645 | 1000
3646 | 1000
3647 | 1000
3648 | 1000
3649 | 1000
3650 | 1000
3651 | 1000
3652 | 1000
3653 | 1000
3654 | 1000
3655 | 1000
3656 | 1000
3657 | 1000
3658 | 1000
3659 | 1000
3660 | 1000
3661 | 1000
3662 | 1000
3663 | 1000
3664 | 1000
3665 | 1000
3666 | 1000
3667 | 1000
3668 | 1000
3669 | 1000
3670 | 1000
3671 | 1000
3672 | 1000
3673 | 1000
3674 | 1000
3675 | 1000
3676 | 1000
3677 | 1000
3678 | 1000
3679 | 1000
3680 | 1000
3681 | 1000
3682 | 1000
3683 | 1000
3684 | 1000
3685 | 1000
3686 | 1000
3687 | 1000
3688 | 1000
3689 | 1000
3690 | 1000
3691 | 1000
3692 | 1000
3693 | 1000
3694 | 1000
3695 | 1000
3696 | 1000
3697 | 1000
3698 | 1000
3699 | 1000
3700 | 1000
3701 | 1000
3702 | 1000
3703 | 1000
3704 | 1000
3705 | 1000
3706 | 1000
3707 | 1000
3708 | 1000
3709 | 1000
3710 | 1000
3711 | 1000
3712 | 1000
3713 | 1000
3714 | 1000
3715 | 1000
3716 | 1000
3717 | 1000
3718 | 1000
3719 | 1000
3720 | 1000
3721 | 1000
3722 | 1000
3723 | 1000
3724 | 1000
3725 | 1000
3726 | 1000
3727 | 1000
3728 | 1000
3729 | 1000
3730 | 1000
3731 | 1000
3732 | 1000
3733 | 1000
3734 | 1000
3735 | 1000
3736 | 1000
3737 | 1000
3738 | 1000
3739 | 1000
3740 | 1000
3741 | 1000
3742 | 1000
3743 | 1000
3744 | 1000
3745 | 1000
3746 | 1000
3747 | 1000
3748 | 1000
3749 | 1000
3750 | 1000
3751 | 1000
3752 | 1000
3753 | 1000
3754 | 1000
3755 | 1000
3756 | 1000
3757 | 1000
3758 | 1000
3759 | 1000
3760 | 1000
3761 | 1000
3762 | 1000
3763 | 1000
3764 | 1000
3765 | 1000
3766 | 1000
3767 | 1000
3768 | 1000
3769 | 1000
3770 | 1000
3771 | 1000
3772 | 1000
3773 | 1000
3774 | 1000
3775 | 1000
3776 | 1000
3777 | 1000
3778 | 1000
3779 | 1000
3780 | 1000
3781 | 1000
3782 | 1000
3783 | 1000
3784 | 1000
3785 | 1000
3786 | 1000
3787 | 1000
3788 | 1000
3789 | 1000
3790 | 1000
3791 | 1000
3792 | 1000
3793 | 1000
3794 | 1000
3795 | 1000
3796 | 1000
3797 | 1000
3798 | 1000
3799 | 1000
3800 | 1000
3801 | 1000
3802 | 1000
3803 | 1000
3804 | 1000
3805 | 1000
3806 | 1000
3807 | 1000
3808 | 1000
3809 | 1000
3810 | 1000
3811 | 1000
3812 | 1000
3813 | 1000
3814 | 1000
3815 | 1000
3816 | 1000
3817 | 1000
3818 | 1000
3819 | 1000
3820 | 1000
3821 | 1000
3822 | 1000
3823 | 1000
3824 | 1000
3825 | 1000
3826 | 1000
3827 | 1000
3828 | 1000
3829 | 1000
3830 | 1000
3831 | 1000
3832 | 1000
3833 | 1000
3834 | 1000
3835 | 1000
3836 | 1000
3837 | 1000
3838 | 1000
3839 | 1000
3840 | 1000
3841 | 1000
3842 | 1000
3843 | 1000
3844 | 1000
3845 | 1000
3846 | 1000
3847 | 1000
3848 | 1000
3849 | 1000
3850 | 1000
3851 | 1000
3852 | 1000
3853 | 1000
3854 | 1000
3855 | 1000
3856 | 1000
3857 | 1000
3858 | 1000
3859 | 1000
3860 | 1000
3861 | 1000
3862 | 1000
3863 | 1000
3864 | 1000
3865 | 1000
3866 | 1000
3867 | 1000
3868 | 1000
3869 | 1000
3870 | 1000
3871 | 1000
3872 | 1000
3873 | 1000
3874 | 1000
3875 | 1000
3876 | 1000
3877 | 1000
3878 | 1000
3879 | 1000
3880 | 1000
3881 | 1000
3882 | 1000
3883 | 1000
3884 | 1000
3885 | 1000
3886 | 1000
3887 | 1000
3888 | 1000
3889 | 1000
3890 | 1000
3891 | 1000
3892 | 1000
3893 | 1000
3894 | 1000
3895 | 1000
3896 | 1000
3897 | 1000
3898 | 1000
3899 | 1000
3900 | 1000
3901 | 1000
3902 | 1000
3903 | 1000
3904 | 1000
3905 | 1000
3906 | 1000
3907 | 1000
3908 | 1000
3909 | 1000
3910 | 1000
3911 | 1000
3912 | 1000
3913 | 1000
3914 | 1000
3915 | 1000
3916 | 1000
3917 | 1000
3918 | 1000
3919 | 1000
3920 | 1000
3921 | 1000
3922 | 1000
3923 | 1000
3924 | 1000
3925 | 1000
3926 | 1000
3927 | 1000
3928 | 1000
3929 | 1000
3930 | 1000
3931 | 1000
3932 | 1000
3933 | 1000
3934 | 1000
3935 | 1000
3936 | 1000
3937 | 1000
3938 | 1000
3939 | 1000
3940 | 1000
3941 | 1000
3942 | 1000
3943 | 1000
3944 | 1000
3945 | 1000
3946 | 1000
3947 | 1000
3948 | 1000
3949 | 1000
3950 | 1000
3951 | 1000
3952 | 1000
3953 | 1000
3954 | 1000
3955 | 1000
3956 | 1000
3957 | 1000
3958 | 1000
3959 | 1000
3960 | 1000
3961 | 1000
3962 | 1000
3963 | 1000
3964 | 1000
3965 | 1000
3966 | 1000
3967 | 1000
3968 | 1000
3969 | 1000
3970 | 1000
3971 | 1000
3972 | 1000
3973 | 1000
3974 | 1000
3975 | 1000
3976 | 1000
3977 | 1000
3978 | 1000
3979 | 1000
3980 | 1000
3981 | 1000
3982 | 1000
3983 | 1000
3984 | 1000
3985 | 1000
3986 | 1000
3987 | 1000
3988 | 1000
3989 | 1000
3990 | 1000
3991 | 1000
3992 | 1000
3993 | 1000
3994 | 1000
3995 | 1000
3996 | 1000
3997 | 1000
3998 | 1000
3999 | 1000
4000 | 1000
4001 | 1000
4002 | 1000
4003 | 1000
4004 | 1000
4005 | 1000
4006 | 1000
4007 | 1000
4008 | 1000
4009 | 1000
4010 | 1000
4011 | 1000
4012 | 1000
4013 | 1000
4014 | 1000
4015 | 1000
4016 | 1000
4017 | 1000
4018 | 1000
4019 | 1000
4020 | 1000
4021 | 1000
4022 | 1000
4023 | 1000
4024 | 1000
4025 | 1000
4026 | 1000
4027 | 1000
4028 | 1000
4029 | 1000
4030 | 1000
4031 | 1000
4032 | 1000
4033 | 1000
4034 | 1000
4035 | 1000
4036 | 1000
4037 | 1000
4038 | 1000
4039 | 1000
4040 | 1000
4041 | 1000
4042 | 1000
4043 | 1000
4044 | 1000
4045 | 1000
4046 | 1000
4047 | 1000
4048 | 1000
4049 | 1000
4050 | 1000
4051 | 1000
4052 | 1000
4053 | 1000
4054 | 1000
4055 | 1000
4056 | 1000
4057 | 1000
4058 | 1000
4059 | 1000
4060 | 1000
4061 | 1000
4062 | 1000
4063 | 1000
4064 | 1000
4065 | 1000
4066 | 1000
4067 | 1000
4068 | 1000
4069 | 1000
4070 | 1000
4071 | 1000
4072 | 1000
4073 | 1000
4074 | 1000
4075 | 1000
4076 | 1000
4077 | 1000
4078 | 1000
4079 | 1000
4080 | 1000
4081 | 1000
4082 | 1000
4083 | 1000
4084 | 1000
4085 | 1000
4086 | 1000
4087 | 1000
4088 | 1000
4089 | 1000
4090 | 1000
4091 | 1000
4092 | 1000
4093 | 1000
4094 | 1000
4095 | 1000
4096 | 1000
4097 | 1000
4098 | 1000
4099 | 1000
4100 | 1000
4101 | 1000
4102 | 1000
4103 | 1000
4104 | 1000
4105 | 1000
4106 | 1000
4107 | 1000
4108 | 1000
4109 | 1000
4110 | 1000
4111 | 1000
4112 | 1000
4113 | 1000
4114 | 1000
4115 | 1000
4116 | 1000
4117 | 1000
4118 | 1000
4119 | 1000
4120 | 1000
4121 | 1000
4122 | 1000
4123 | 1000
4124 | 1000
4125 | 1000
4126 | 1000
4127 | 1000
4128 | 1000
4129 | 1000
4130 | 1000
4131 | 1000
4132 | 1000
4133 | 1000
4134 | 1000
4135 | 1000
4136 | 1000
4137 | 1000
4138 | 1000
4139 | 1000
4140 | 1000
4141 | 1000
4142 | 1000
4143 | 1000
4144 | 1000
4145 | 1000
4146 | 1000
4147 | 1000
4148 | 1000
4149 | 1000
4150 | 1000
4151 | 1000
4152 | 1000
4153 | 1000
4154 | 1000
4155 | 1000
4156 | 1000
4157 | 1000
4158 | 1000
4159 | 1000
4160 | 1000
4161 | 1000
4162 | 1000
4163 | 1000
4164 | 1000
4165 | 1000
4166 | 1000
4167 | 1000
4168 | 1000
4169 | 1000
4170 | 1000
4171 | 1000
4172 | 1000
4173 | 1000
4174 | 1000
4175 | 1000
4176 | 1000
4177 | 1000
4178 | 1000
4179 | 1000
4180 | 1000
4181 | 1000
4182 | 1000
4183 | 1000
4184 | 1000
4185 | 1000
4186 | 1000
4187 | 1000
4188 | 1000
4189 | 1000
4190 | 1000
4191 | 1000
4192 | 1000
4193 | 1000
4194 | 1000
4195 | 1000
4196 | 1000
4197 | 1000
4198 | 1000
4199 | 1000
4200 | 1000
4201 | 1000
4202 | 1000
4203 | 1000
4204 | 1000
4205 | 1000
4206 | 1000
4207 | 1000
4208 | 1000
4209 | 1000
4210 | 1000
4211 | 1000
4212 | 1000
4213 | 1000
4214 | 1000
4215 | 1000
4216 | 1000
4217 | 1000
4218 | 1000
4219 | 1000
4220 | 1000
4221 | 1000
4222 | 1000
4223 | 1000
4224 | 1000
4225 | 1000
4226 | 1000
4227 | 1000
4228 | 1000
4229 | 1000
4230 | 1000
4231 | 1000
4232 | 1000
4233 | 1000
4234 | 1000
4235 | 1000
4236 | 1000
4237 | 1000
4238 | 1000
4239 | 1000
4240 | 1000
4241 | 1000
4242 | 1000
4243 | 1000
4244 | 1000
4245 | 1000
4246 | 1000
4247 | 1000
4248 | 1000
4249 | 1000
4250 | 1000
4251 | 1000
4252 | 1000
4253 | 1000
4254 | 1000
4255 | 1000
4256 | 1000
4257 | 1000
4258 | 1000
4259 | 1000
4260 | 1000
4261 | 1000
4262 | 1000
4263 | 1000
4264 | 1000
4265 | 1000
4266 | 1000
4267 | 1000
4268 | 1000
4269 | 1000
4270 | 1000
4271 | 1000
4272 | 1000
4273 | 1000
4274 | 1000
4275 | 1000
4276 | 1000
4277 | 1000
4278 | 1000
4279 | 1000
4280 | 1000
4281 | 1000
4282 | 1000
4283 | 1000
4284 | 1000
4285 | 1000
4286 | 1000
4287 | 1000
4288 | 1000
4289 | 1000
4290 | 1000
4291 | 1000
4292 | 1000
4293 | 1000
4294 | 1000
4295 | 1000
4296 | 1000
4297 | 1000
4298 | 1000
4299 | 1000
4300 | 1000
4301 | 1000
4302 | 1000
4303 | 1000
4304 | 1000
4305 | 1000
4306 | 1000
4307 | 1000
4308 | 1000
4309 | 1000
4310 | 1000
4311 | 1000
4312 | 1000
4313 | 1000
4314 | 1000
4315 | 1000
4316 | 1000
4317 | 1000
4318 | 1000
4319 | 1000
4320 | 1000
4321 | 1000
4322 | 1000
4323 | 1000
4324 | 1000
4325 | 1000
4326 | 1000
4327 | 1000
4328 | 1000
4329 | 1000
4330 | 1000
4331 | 1000
4332 | 1000
4333 | 1000
4334 | 1000
4335 | 1000
4336 | 1000
4337 | 1000
4338 | 1000
4339 | 1000
4340 | 1000
4341 | 1000
4342 | 1000
4343 | 1000
4344 | 1000
4345 | 1000
4346 | 1000
4347 | 1000
4348 | 1000
4349 | 1000
4350 | 1000
4351 | 1000
4352 | 1000
4353 | 1000
4354 | 1000
4355 | 1000
4356 | 1000
4357 | 1000
4358 | 1000
4359 | 1000
4360 | 1000
4361 | 1000
4362 | 1000
4363 | 1000
4364 | 1000
4365 | 1000
4366 | 1000
4367 | 1000
4368 | 1000
4369 | 1000
4370 | 1000
4371 | 1000
4372 | 1000
4373 | 1000
4374 | 1000
4375 | 1000
4376 | 1000
4377 | 1000
4378 | 1000
4379 | 1000
4380 | 1000
4381 | 1000
4382 | 1000
4383 | 1000
4384 | 1000
4385 | 1000
4386 | 1000
4387 | 1000
4388 | 1000
4389 | 1000
4390 | 1000
4391 | 1000
4392 | 1000
4393 | 1000
4394 | 1000
4395 | 1000
4396 | 1000
4397 | 1000
4398 | 1000
4399 | 1000
4400 | 1000
4401 | 1000
4402 | 1000
4403 | 1000
4404 | 1000
4405 | 1000
4406 | 1000
4407 | 1000
4408 | 1000
4409 | 1000
4410 | 1000
4411 | 1000
4412 | 1000
4413 | 1000
4414 | 1000
4415 | 1000
4416 | 1000
4417 | 1000
4418 | 1000
4419 | 1000
4420 | 1000
4421 | 1000
4422 | 1000
4423 | 1000
4424 | 1000
4425 | 1000
4426 | 1000
4427 | 1000
4428 | 1000
4429 | 1000
4430 | 1000
4431 | 1000
4432 | 1000
4433 | 1000
4434 | 1000
4435 | 1000
4436 | 1000
4437 | 1000
4438 | 1000
4439 | 1000
4440 | 1000
4441 | 1000
4442 | 1000
4443 | 1000
4444 | 1000
4445 | 1000
4446 | 1000
4447 | 1000
4448 | 1000
4449 | 1000
4450 | 1000
4451 | 1000
4452 | 1000
4453 | 1000
4454 | 1000
4455 | 1000
4456 | 1000
4457 | 1000
4458 | 1000
4459 | 1000
4460 | 1000
4461 | 1000
4462 | 1000
4463 | 1000
4464 | 1000
4465 | 1000
4466 | 1000
4467 | 1000
4468 | 1000
4469 | 1000
4470 | 1000
4471 | 1000
4472 | 1000
4473 | 1000
4474 | 1000
4475 | 1000
4476 | 1000
4477 | 1000
4478 | 1000
4479 | 1000
4480 | 1000
4481 | 1000
4482 | 1000
4483 | 1000
4484 | 1000
4485 | 1000
4486 | 1000
4487 | 1000
4488 | 1000
4489 | 1000
4490 | 1000
4491 | 1000
4492 | 1000
4493 | 1000
4494 | 1000
4495 | 1000
4496 | 1000
4497 | 1000
4498 | 1000
4499 | 1000
4500 | 1000
4501 | 1000
4502 | 1000
4503 | 1000
4504 | 1000
4505 | 1000
4506 | 1000
4507 | 1000
4508 | 1000
4509 | 1000
4510 | 1000
4511 | 1000
4512 | 1000
4513 | 1000
4514 | 1000
4515 | 1000
4516 | 1000
4517 | 1000
4518 | 1000
4519 | 1000
4520 | 1000
4521 | 1000
4522 | 1000
4523 | 1000
4524 | 1000
4525 | 1000
4526 | 1000
4527 | 1000
4528 | 1000
4529 | 1000
4530 | 1000
4531 | 1000
4532 | 1000
4533 | 1000
4534 | 1000
4535 | 1000
4536 | 1000
4537 | 1000
4538 | 1000
4539 | 1000
4540 | 1000
4541 | 1000
4542 | 1000
4543 | 1000
4544 | 1000
4545 | 1000
4546 | 1000
4547 | 1000
4548 | 1000
4549 | 1000
4550 | 1000
4551 | 1000
4552 | 1000
4553 | 1000
4554 | 1000
4555 | 1000
4556 | 1000
4557 | 1000
4558 | 1000
4559 | 1000
4560 | 1000
4561 | 1000
4562 | 1000
4563 | 1000
4564 | 1000
4565 | 1000
4566 | 1000
4567 | 1000
4568 | 1000
4569 | 1000
4570 | 1000
4571 | 1000
4572 | 1000
4573 | 1000
4574 | 1000
4575 | 1000
4576 | 1000
4577 | 1000
4578 | 1000
4579 | 1000
4580 | 1000
4581 | 1000
4582 | 1000
4583 | 1000
4584 | 1000
4585 | 1000
4586 | 1000
4587 | 1000
4588 | 1000
4589 | 1000
4590 | 1000
4591 | 1000
4592 | 1000
4593 | 1000
4594 | 1000
4595 | 1000
4596 | 1000
4597 | 1000
4598 | 1000
4599 | 1000
4600 | 1000
4601 | 1000
4602 | 1000
4603 | 1000
4604 | 1000
4605 | 1000
4606 | 1000
4607 | 1000
4608 | 1000
4609 | 1000
4610 | 1000
4611 | 1000
4612 | 1000
4613 | 1000
4614 | 1000
4615 | 1000
4616 | 1000
4617 | 1000
4618 | 1000
4619 | 1000
4620 | 1000
4621 | 1000
4622 | 1000
4623 | 1000
4624 | 1000
4625 | 1000
4626 | 1000
4627 | 1000
4628 | 1000
4629 | 1000
4630 | 1000
4631 | 1000
4632 | 1000
4633 | 1000
4634 | 1000
4635 | 1000
4636 | 1000
4637 | 1000
4638 | 1000
4639 | 1000
4640 | 1000
4641 | 1000
4642 | 1000
4643 | 1000
4644 | 1000
4645 | 1000
4646 | 1000
4647 | 1000
4648 | 1000
4649 | 1000
4650 | 1000
4651 | 1000
4652 | 1000
4653 | 1000
4654 | 1000
4655 | 1000
4656 | 1000
4657 | 1000
4658 | 1000
4659 | 1000
4660 | 1000
4661 | 1000
4662 | 1000
4663 | 1000
4664 | 1000
4665 | 1000
4666 | 1000
4667 | 1000
4668 | 1000
4669 | 1000
4670 | 1000
4671 | 1000
4672 | 1000
4673 | 1000
4674 | 1000
4675 | 1000
4676 | 1000
4677 | 1000
4678 | 1000
4679 | 1000
4680 | 1000
4681 | 1000
4682 | 1000
4683 | 1000
4684 | 1000
4685 | 1000
4686 | 1000
4687 | 1000
4688 | 1000
4689 | 1000
4690 | 1000
4691 | 1000
4692 | 1000
4693 | 1000
4694 | 1000
4695 | 1000
4696 | 1000
4697 | 1000
4698 | 1000
4699 | 1000
4700 | 1000
4701 | 1000
4702 | 1000
4703 | 1000
4704 | 1000
4705 | 1000
4706 | 1000
4707 | 1000
4708 | 1000
4709 | 1000
4710 | 1000
4711 | 1000
4712 | 1000
4713 | 1000
4714 | 1000
4715 | 1000
4716 | 1000
4717 | 1000
4718 | 1000
4719 | 1000
4720 | 1000
4721 | 1000
4722 | 1000
4723 | 1000
4724 | 1000
4725 | 1000
4726 | 1000
4727 | 1000
4728 | 1000
4729 | 1000
4730 | 1000
4731 | 1000
4732 | 1000
4733 | 1000
4734 | 1000
4735 | 1000
4736 | 1000
4737 | 1000
4738 | 1000
4739 | 1000
4740 | 1000
4741 | 1000
4742 | 1000
4743 | 1000
4744 | 1000
4745 | 1000
4746 | 1000
4747 | 1000
4748 | 1000
4749 | 1000
4750 | 1000
4751 | 1000
4752 | 1000
4753 | 1000
4754 | 1000
4755 | 1000
4756 | 1000
4757 | 1000
4758 | 1000
4759 | 1000
4760 | 1000
4761 | 1000
4762 | 1000
4763 | 1000
4764 | 1000
4765 | 1000
4766 | 1000
4767 | 1000
4768 | 1000
4769 | 1000
4770 | 1000
4771 | 1000
4772 | 1000
4773 | 1000
4774 | 1000
4775 | 1000
4776 | 1000
4777 | 1000
4778 | 1000
4779 | 1000
4780 | 1000
4781 | 1000
4782 | 1000
4783 | 1000
4784 | 1000
4785 | 1000
4786 | 1000
4787 | 1000
4788 | 1000
4789 | 1000
4790 | 1000
4791 | 1000
4792 | 1000
4793 | 1000
4794 | 1000
4795 | 1000
4796 | 1000
4797 | 1000
4798 | 1000
4799 | 1000
4800 | 1000
4801 | 1000
4802 | 1000
4803 | 1000
4804 | 1000
4805 | 1000
4806 | 1000
4807 | 1000
4808 | 1000
4809 | 1000
4810 | 1000
4811 | 1000
4812 | 1000
4813 | 1000
4814 | 1000
4815 | 1000
4816 | 1000
4817 | 1000
4818 | 1000
4819 | 1000
4820 | 1000
4821 | 1000
4822 | 1000
4823 | 1000
4824 | 1000
4825 | 1000
4826 | 1000
4827 | 1000
4828 | 1000
4829 | 1000
4830 | 1000
4831 | 1000
4832 | 1000
4833 | 1000
4834 | 1000
4835 | 1000
4836 | 1000
4837 | 1000
4838 | 1000
4839 | 1000
4840 | 1000
4841 | 1000
4842 | 1000
4843 | 1000
4844 | 1000
4845 | 1000
4846 | 1000
4847 | 1000
4848 | 1000
4849 | 1000
4850 | 1000
4851 | 1000
4852 | 1000
4853 | 1000
4854 | 1000
4855 | 1000
4856 | 1000
4857 | 1000
4858 | 1000
4859 | 1000
4860 | 1000
4861 | 1000
4862 | 1000
4863 | 1000
4864 | 1000
4865 | 1000
4866 | 1000
4867 | 1000
4868 | 1000
4869 | 1000
4870 | 1000
4871 | 1000
4872 | 1000
4873 | 1000
4874 | 1000
4875 | 1000
4876 | 1000
4877 | 1000
4878 | 1000
4879 | 1000
4880 | 1000
4881 | 1000
4882 | 1000
4883 | 1000
4884 | 1000
4885 | 1000
4886 | 1000
4887 | 1000
4888 | 1000
4889 | 1000
4890 | 1000
4891 | 1000
4892 | 1000
4893 | 1000
4894 | 1000
4895 | 1000
4896 | 1000
4897 | 1000
4898 | 1000
4899 | 1000
4900 | 1000
4901 | 1000
4902 | 1000
4903 | 1000
4904 | 1000
4905 | 1000
4906 | 1000
4907 | 1000
4908 | 1000
4909 | 1000
4910 | 1000
4911 | 1000
4912 | 1000
4913 | 1000
4914 | 1000
4915 | 1000
4916 | 1000
4917 | 1000
4918 | 1000
4919 | 1000
4920 | 1000
4921 | 1000
4922 | 1000
4923 | 1000
4924 | 1000
4925 | 1000
4926 | 1000
4927 | 1000
4928 | 1000
4929 | 1000
4930 | 1000
4931 | 1000
4932 | 1000
4933 | 1000
4934 | 1000
4935 | 1000
4936 | 1000
4937 | 1000
4938 | 1000
4939 | 1000
4940 | 1000
4941 | 1000
4942 | 1000
4943 | 1000
4944 | 1000
4945 | 1000
4946 | 1000
4947 | 1000
4948 | 1000
4949 | 1000
4950 | 1000
4951 | 1000
4952 | 1000
4953 | 1000
4954 | 1000
4955 | 1000
4956 | 1000
4957 | 1000
4958 | 1000
4959 | 1000
4960 | 1000
4961 | 1000
4962 | 1000
4963 | 1000
4964 | 1000
4965 | 1000
4966 | 1000
4967 | 1000
4968 | 1000
4969 | 1000
4970 | 1000
4971 | 1000
4972 | 1000
4973 | 1000
4974 | 1000
4975 | 1000
4976 | 1000
4977 | 1000
4978 | 1000
4979 | 1000
4980 | 1000
4981 | 1000
4982 | 1000
4983 | 1000
4984 | 1000
4985 | 1000
4986 | 1000
4987 | 1000
4988 | 1000
4989 | 1000
4990 | 1000
4991 | 1000
4992 | 1000
4993 | 1000
4994 | 1000
4995 | 1000
4996 | 1000
4997 | 1000
4998 | 1000
4999 | 1000
5000 | 1000
